INSERT INTO schedules_2568 (semester_id, subject_id, class_id, day_of_week, period_no, room_id) VALUES

-- =============================================
-- ม.1/1 (class_id = 1)
-- =============================================
(1, 1, 1, 1, 1, 1), (1, 1, 1, 2, 1, 1), (1, 1, 1, 3, 1, 1), (1, 1, 1, 4, 1, 1),
(1, 2, 1, 1, 2, 1), (1, 2, 1, 2, 2, 1), (1, 2, 1, 3, 2, 1), (1, 2, 1, 4, 2, 1),
(1, 3, 1, 1, 3, 21), (1, 3, 1, 1, 4, 21), (1, 3, 1, 2, 3, 21), (1, 3, 1, 2, 4, 21),
(1, 4, 1, 1, 6, 1), (1, 4, 1, 2, 6, 1), (1, 4, 1, 3, 6, 1),
(1, 5, 1, 1, 7, 20), (1, 5, 1, 2, 7, 20), (1, 5, 1, 3, 3, 20), (1, 5, 1, 4, 7, 20),
(1, 6, 1, 3, 4, 31), (1, 6, 1, 4, 4, 31),
(1, 7, 1, 1, 8, 29), (1, 7, 1, 2, 8, 29),
(1, 8, 1, 3, 7, 27), (1, 8, 1, 4, 6, 27),
(1, 9, 1, 4, 3, 20),
(1, 10, 1, 4, 8, 25),
(1, 11, 1, 3, 8, 32),

-- =============================================
-- ม.1/2 (class_id = 2)
-- =============================================
(1, 1, 2, 1, 2, 2), (1, 1, 2, 2, 2, 2), (1, 1, 2, 3, 2, 2), (1, 1, 2, 4, 2, 2),
(1, 2, 2, 1, 3, 2), (1, 2, 2, 2, 3, 2), (1, 2, 2, 3, 3, 2), (1, 2, 2, 4, 3, 2),
(1, 3, 2, 1, 6, 21), (1, 3, 2, 1, 7, 21), (1, 3, 2, 2, 6, 21), (1, 3, 2, 2, 7, 21),
(1, 4, 2, 1, 1, 2), (1, 4, 2, 2, 1, 2), (1, 4, 2, 3, 1, 2),
(1, 5, 2, 1, 4, 20), (1, 5, 2, 2, 4, 20), (1, 5, 2, 3, 4, 20), (1, 5, 2, 4, 1, 20),
(1, 6, 2, 1, 8, 31), (1, 6, 2, 2, 8, 31),
(1, 7, 2, 3, 6, 29), (1, 7, 2, 4, 6, 29),
(1, 8, 2, 3, 7, 27), (1, 8, 2, 4, 7, 27),
(1, 9, 2, 1, 6, 20),
(1, 10, 2, 2, 6, 25),
(1, 11, 2, 3, 8, 32),

-- =============================================
-- ม.1/3 (class_id = 3)
-- =============================================
(1, 1, 3, 1, 3, 3), (1, 1, 3, 2, 3, 3), (1, 1, 3, 3, 3, 3), (1, 1, 3, 4, 3, 3),
(1, 2, 3, 1, 4, 3), (1, 2, 3, 2, 4, 3), (1, 2, 3, 3, 4, 3), (1, 2, 3, 4, 4, 3),
(1, 3, 3, 1, 1, 21), (1, 3, 3, 1, 2, 21), (1, 3, 3, 2, 1, 21), (1, 3, 3, 2, 2, 21),
(1, 4, 3, 1, 6, 3), (1, 4, 3, 2, 6, 3), (1, 4, 3, 3, 6, 3),
(1, 5, 3, 1, 8, 20), (1, 5, 3, 2, 8, 20), (1, 5, 3, 3, 1, 20), (1, 5, 3, 4, 8, 20),
(1, 6, 3, 1, 7, 31), (1, 6, 3, 2, 7, 31),
(1, 7, 3, 3, 2, 29), (1, 7, 3, 4, 2, 29),
(1, 8, 3, 3, 7, 27), (1, 8, 3, 4, 7, 27),
(1, 9, 3, 4, 1, 20),
(1, 10, 3, 4, 6, 25),
(1, 11, 3, 3, 8, 32),

-- =============================================
-- ม.2/1 (class_id = 4)
-- =============================================
(1, 12, 4, 1, 1, 4), (1, 12, 4, 2, 1, 4), (1, 12, 4, 3, 1, 4), (1, 12, 4, 4, 1, 4),
(1, 13, 4, 1, 2, 4), (1, 13, 4, 2, 2, 4), (1, 13, 4, 3, 2, 4), (1, 13, 4, 4, 2, 4),
(1, 14, 4, 1, 3, 21), (1, 14, 4, 1, 4, 21), (1, 14, 4, 2, 3, 21), (1, 14, 4, 2, 4, 21),
(1, 15, 4, 1, 6, 4), (1, 15, 4, 2, 6, 4), (1, 15, 4, 3, 6, 4),
(1, 16, 4, 1, 7, 20), (1, 16, 4, 2, 7, 20), (1, 16, 4, 3, 3, 20), (1, 16, 4, 4, 3, 20),
(1, 17, 4, 3, 4, 31), (1, 17, 4, 4, 4, 31),
(1, 18, 4, 1, 8, 28), (1, 18, 4, 2, 8, 28),
(1, 19, 4, 3, 7, 27), (1, 19, 4, 4, 7, 27),
(1, 20, 4, 4, 6, 20),
(1, 21, 4, 4, 8, 26),
(1, 22, 4, 3, 8, 32),

-- =============================================
-- ม.2/2 (class_id = 5)
-- =============================================
(1, 12, 5, 1, 2, 5), (1, 12, 5, 2, 2, 5), (1, 12, 5, 3, 2, 5), (1, 12, 5, 4, 2, 5),
(1, 13, 5, 1, 3, 5), (1, 13, 5, 2, 3, 5), (1, 13, 5, 3, 3, 5), (1, 13, 5, 4, 3, 5),
(1, 14, 5, 1, 6, 21), (1, 14, 5, 1, 7, 21), (1, 14, 5, 2, 6, 21), (1, 14, 5, 2, 7, 21),
(1, 15, 5, 1, 1, 5), (1, 15, 5, 2, 1, 5), (1, 15, 5, 3, 1, 5),
(1, 16, 5, 1, 4, 20), (1, 16, 5, 2, 4, 20), (1, 16, 5, 3, 4, 20), (1, 16, 5, 4, 1, 20),
(1, 17, 5, 1, 8, 31), (1, 17, 5, 2, 8, 31),
(1, 18, 5, 3, 6, 28), (1, 18, 5, 4, 6, 28),
(1, 19, 5, 3, 7, 27), (1, 19, 5, 4, 7, 27),
(1, 20, 5, 1, 6, 20),
(1, 21, 5, 2, 6, 26),
(1, 22, 5, 3, 8, 32),

-- =============================================
-- ม.2/3 (class_id = 6)
-- =============================================
(1, 12, 6, 1, 3, 6), (1, 12, 6, 2, 3, 6), (1, 12, 6, 3, 3, 6), (1, 12, 6, 4, 3, 6),
(1, 13, 6, 1, 4, 6), (1, 13, 6, 2, 4, 6), (1, 13, 6, 3, 4, 6), (1, 13, 6, 4, 4, 6),
(1, 14, 6, 3, 1, 21), (1, 14, 6, 3, 2, 21), (1, 14, 6, 4, 1, 21), (1, 14, 6, 4, 2, 21),
(1, 15, 6, 1, 6, 6), (1, 15, 6, 2, 6, 6), (1, 15, 6, 3, 6, 6),
(1, 16, 6, 1, 8, 20), (1, 16, 6, 2, 8, 20), (1, 16, 6, 3, 7, 20), (1, 16, 6, 4, 8, 20),
(1, 17, 6, 3, 4, 31), (1, 17, 6, 4, 4, 31),
(1, 18, 6, 1, 7, 28), (1, 18, 6, 2, 7, 28),
(1, 19, 6, 1, 1, 27), (1, 19, 6, 2, 1, 27),
(1, 20, 6, 2, 6, 20),
(1, 21, 6, 3, 6, 26),
(1, 22, 6, 3, 8, 32),

-- =============================================
-- ม.2/4 (class_id = 7)
-- =============================================
(1, 12, 7, 1, 4, 7), (1, 12, 7, 2, 4, 7), (1, 12, 7, 3, 4, 7), (1, 12, 7, 4, 4, 7),
(1, 13, 7, 1, 1, 7), (1, 13, 7, 2, 1, 7), (1, 13, 7, 3, 1, 7), (1, 13, 7, 4, 1, 7),
(1, 14, 7, 1, 6, 23), (1, 14, 7, 1, 7, 23), (1, 14, 7, 2, 6, 23), (1, 14, 7, 2, 7, 23),
(1, 15, 7, 1, 2, 7), (1, 15, 7, 2, 2, 7), (1, 15, 7, 3, 2, 7),
(1, 16, 7, 1, 3, 20), (1, 16, 7, 2, 3, 20), (1, 16, 7, 3, 3, 20), (1, 16, 7, 4, 4, 20),
(1, 17, 7, 1, 8, 31), (1, 17, 7, 2, 8, 31),
(1, 18, 7, 3, 6, 28), (1, 18, 7, 4, 6, 28),
(1, 19, 7, 1, 4, 27), (1, 19, 7, 2, 4, 27),
(1, 20, 7, 3, 7, 20),
(1, 21, 7, 4, 8, 26),
(1, 22, 7, 3, 8, 32),

-- =============================================
-- ม.3/1 (class_id = 8)
-- =============================================
(1, 23, 8, 1, 1, 8), (1, 23, 8, 2, 1, 8), (1, 23, 8, 3, 1, 8), (1, 23, 8, 4, 1, 8),
(1, 24, 8, 1, 2, 8), (1, 24, 8, 2, 2, 8), (1, 24, 8, 3, 2, 8), (1, 24, 8, 4, 2, 8),
(1, 25, 8, 1, 3, 24), (1, 25, 8, 1, 4, 24), (1, 25, 8, 2, 3, 24), (1, 25, 8, 2, 4, 24),
(1, 26, 8, 1, 6, 8), (1, 26, 8, 2, 6, 8), (1, 26, 8, 3, 6, 8),
(1, 27, 8, 1, 7, 20), (1, 27, 8, 2, 7, 20), (1, 27, 8, 3, 3, 20), (1, 27, 8, 4, 7, 20),
(1, 28, 8, 3, 4, 31), (1, 28, 8, 4, 4, 31),
(1, 29, 8, 1, 8, 28), (1, 29, 8, 2, 8, 28),
(1, 30, 8, 3, 7, 27), (1, 30, 8, 4, 7, 27),
(1, 31, 8, 4, 6, 20),
(1, 32, 8, 4, 8, 26),
(1, 33, 8, 3, 8, 32),

-- =============================================
-- ม.3/2 (class_id = 9)
-- =============================================
(1, 23, 9, 1, 2, 9), (1, 23, 9, 2, 2, 9), (1, 23, 9, 3, 2, 9), (1, 23, 9, 4, 2, 9),
(1, 24, 9, 1, 3, 9), (1, 24, 9, 2, 3, 9), (1, 24, 9, 3, 3, 9), (1, 24, 9, 4, 3, 9),
(1, 25, 9, 1, 6, 24), (1, 25, 9, 1, 7, 24), (1, 25, 9, 2, 6, 24), (1, 25, 9, 2, 7, 24),
(1, 26, 9, 1, 1, 9), (1, 26, 9, 2, 1, 9), (1, 26, 9, 3, 1, 9),
(1, 27, 9, 1, 4, 20), (1, 27, 9, 2, 4, 20), (1, 27, 9, 3, 4, 20), (1, 27, 9, 4, 1, 20),
(1, 28, 9, 1, 8, 31), (1, 28, 9, 2, 8, 31),
(1, 29, 9, 3, 6, 28), (1, 29, 9, 4, 6, 28),
(1, 30, 9, 3, 7, 27), (1, 30, 9, 4, 7, 27),
(1, 31, 9, 1, 6, 20),
(1, 32, 9, 2, 6, 26),
(1, 33, 9, 3, 8, 32),

-- =============================================
-- ม.3/3 (class_id = 10)
-- =============================================
(1, 23, 10, 1, 3, 10), (1, 23, 10, 2, 3, 10), (1, 23, 10, 3, 3, 10), (1, 23, 10, 4, 3, 10),
(1, 24, 10, 1, 4, 10), (1, 24, 10, 2, 4, 10), (1, 24, 10, 3, 4, 10), (1, 24, 10, 4, 4, 10),
(1, 25, 10, 3, 1, 24), (1, 25, 10, 3, 2, 24), (1, 25, 10, 4, 1, 24), (1, 25, 10, 4, 2, 24),
(1, 26, 10, 1, 6, 10), (1, 26, 10, 2, 6, 10), (1, 26, 10, 3, 6, 10),
(1, 27, 10, 1, 8, 20), (1, 27, 10, 2, 8, 20), (1, 27, 10, 3, 7, 20), (1, 27, 10, 4, 8, 20),
(1, 28, 10, 3, 4, 31), (1, 28, 10, 4, 4, 31),
(1, 29, 10, 1, 7, 28), (1, 29, 10, 2, 7, 28),
(1, 30, 10, 1, 1, 27), (1, 30, 10, 2, 1, 27),
(1, 31, 10, 2, 6, 20),
(1, 32, 10, 3, 6, 26),
(1, 33, 10, 3, 8, 32),

-- =============================================
-- ม.4/1 (class_id = 11)
-- =============================================
(1, 34, 11, 1, 1, 11), (1, 34, 11, 2, 1, 11), (1, 34, 11, 3, 1, 11), (1, 34, 11, 4, 1, 11),
(1, 35, 11, 1, 2, 11), (1, 35, 11, 2, 2, 11), (1, 35, 11, 3, 2, 11), (1, 35, 11, 4, 2, 11),
(1, 36, 11, 1, 3, 22), (1, 36, 11, 1, 4, 22), (1, 36, 11, 2, 3, 22),
(1, 37, 11, 2, 4, 23), (1, 37, 11, 3, 3, 23), (1, 37, 11, 4, 3, 23),
(1, 38, 11, 3, 4, 24), (1, 38, 11, 4, 4, 24),
(1, 39, 11, 1, 6, 11), (1, 39, 11, 2, 6, 11),
(1, 40, 11, 1, 7, 20), (1, 40, 11, 2, 7, 20), (1, 40, 11, 3, 6, 20), (1, 40, 11, 4, 7, 20),
(1, 41, 11, 1, 8, 31), (1, 41, 11, 2, 8, 31),
(1, 42, 11, 3, 7, 27), (1, 42, 11, 4, 7, 27),
(1, 43, 11, 4, 6, 20),
(1, 44, 11, 3, 8, 11),

-- =============================================
-- ม.4/2 (class_id = 12)
-- =============================================
(1, 34, 12, 1, 2, 12), (1, 34, 12, 2, 2, 12), (1, 34, 12, 3, 2, 12), (1, 34, 12, 4, 2, 12),
(1, 35, 12, 1, 3, 12), (1, 35, 12, 2, 3, 12), (1, 35, 12, 3, 3, 12), (1, 35, 12, 4, 3, 12),
(1, 36, 12, 1, 6, 22), (1, 36, 12, 1, 7, 22), (1, 36, 12, 2, 6, 22),
(1, 37, 12, 2, 7, 23), (1, 37, 12, 3, 6, 23), (1, 37, 12, 4, 6, 23),
(1, 38, 12, 3, 7, 24), (1, 38, 12, 4, 7, 24),
(1, 39, 12, 1, 1, 12), (1, 39, 12, 2, 1, 12),
(1, 40, 12, 1, 4, 20), (1, 40, 12, 2, 4, 20), (1, 40, 12, 3, 4, 20), (1, 40, 12, 4, 1, 20),
(1, 41, 12, 1, 8, 31), (1, 41, 12, 2, 8, 31),
(1, 42, 12, 3, 1, 27), (1, 42, 12, 4, 1, 27),
(1, 43, 12, 1, 6, 20),
(1, 45, 12, 3, 8, 12),

-- =============================================
-- ม.4/3 (class_id = 13)
-- =============================================
(1, 34, 13, 1, 3, 13), (1, 34, 13, 2, 3, 13), (1, 34, 13, 3, 3, 13), (1, 34, 13, 4, 3, 13),
(1, 35, 13, 1, 4, 13), (1, 35, 13, 2, 4, 13), (1, 35, 13, 3, 4, 13), (1, 35, 13, 4, 4, 13),
(1, 36, 13, 3, 1, 22), (1, 36, 13, 3, 2, 22), (1, 36, 13, 4, 1, 22),
(1, 37, 13, 1, 1, 23), (1, 37, 13, 1, 2, 23), (1, 37, 13, 2, 1, 23),
(1, 38, 13, 2, 2, 24), (1, 38, 13, 4, 2, 24),
(1, 39, 13, 1, 6, 13), (1, 39, 13, 2, 6, 13),
(1, 40, 13, 1, 8, 20), (1, 40, 13, 2, 8, 20), (1, 40, 13, 3, 7, 20), (1, 40, 13, 4, 8, 20),
(1, 41, 13, 3, 6, 31), (1, 41, 13, 4, 6, 31),
(1, 42, 13, 1, 7, 27), (1, 42, 13, 2, 7, 27),
(1, 43, 13, 2, 6, 20),
(1, 46, 13, 3, 8, 13),

-- =============================================
-- ม.5/1 (class_id = 14)
-- =============================================
(1, 47, 14, 1, 1, 14), (1, 47, 14, 2, 1, 14), (1, 47, 14, 3, 1, 14), (1, 47, 14, 4, 1, 14),
(1, 48, 14, 1, 2, 14), (1, 48, 14, 2, 2, 14), (1, 48, 14, 3, 2, 14), (1, 48, 14, 4, 2, 14),
(1, 49, 14, 1, 3, 22), (1, 49, 14, 1, 4, 22), (1, 49, 14, 2, 3, 22),
(1, 50, 14, 2, 4, 23), (1, 50, 14, 3, 3, 23), (1, 50, 14, 4, 3, 23),
(1, 51, 14, 3, 4, 24), (1, 51, 14, 4, 4, 24),
(1, 52, 14, 1, 6, 14), (1, 52, 14, 2, 6, 14),
(1, 53, 14, 1, 7, 20), (1, 53, 14, 2, 7, 20), (1, 53, 14, 3, 6, 20), (1, 53, 14, 4, 7, 20),
(1, 54, 14, 1, 8, 31), (1, 54, 14, 2, 8, 31),
(1, 55, 14, 3, 7, 27), (1, 55, 14, 4, 7, 27),
(1, 56, 14, 4, 6, 20),
(1, 57, 14, 3, 8, 14),

-- =============================================
-- ม.5/2 (class_id = 15)
-- =============================================
(1, 47, 15, 1, 2, 15), (1, 47, 15, 2, 2, 15), (1, 47, 15, 3, 2, 15), (1, 47, 15, 4, 2, 15),
(1, 48, 15, 1, 3, 15), (1, 48, 15, 2, 3, 15), (1, 48, 15, 3, 3, 15), (1, 48, 15, 4, 3, 15),
(1, 49, 15, 1, 6, 22), (1, 49, 15, 1, 7, 22), (1, 49, 15, 2, 6, 22),
(1, 50, 15, 2, 7, 23), (1, 50, 15, 3, 6, 23), (1, 50, 15, 4, 6, 23),
(1, 51, 15, 3, 7, 24), (1, 51, 15, 4, 7, 24),
(1, 52, 15, 1, 1, 15), (1, 52, 15, 2, 1, 15),
(1, 53, 15, 1, 4, 20), (1, 53, 15, 2, 4, 20), (1, 53, 15, 3, 4, 20), (1, 53, 15, 4, 1, 20),
(1, 54, 15, 1, 8, 31), (1, 54, 15, 2, 8, 31),
(1, 55, 15, 3, 1, 27), (1, 55, 15, 4, 1, 27),
(1, 56, 15, 1, 6, 20),
(1, 58, 15, 3, 8, 15),

-- =============================================
-- ม.5/3 (class_id = 16)
-- =============================================
(1, 47, 16, 1, 3, 16), (1, 47, 16, 2, 3, 16), (1, 47, 16, 3, 3, 16), (1, 47, 16, 4, 3, 16),
(1, 48, 16, 1, 4, 16), (1, 48, 16, 2, 4, 16), (1, 48, 16, 3, 4, 16), (1, 48, 16, 4, 4, 16),
(1, 49, 16, 3, 1, 22), (1, 49, 16, 3, 2, 22), (1, 49, 16, 4, 1, 22),
(1, 50, 16, 1, 1, 23), (1, 50, 16, 1, 2, 23), (1, 50, 16, 2, 1, 23),
(1, 51, 16, 2, 2, 24), (1, 51, 16, 4, 2, 24),
(1, 52, 16, 1, 6, 16), (1, 52, 16, 2, 6, 16),
(1, 53, 16, 1, 8, 20), (1, 53, 16, 2, 8, 20), (1, 53, 16, 3, 7, 20), (1, 53, 16, 4, 8, 20),
(1, 54, 16, 3, 6, 31), (1, 54, 16, 4, 6, 31),
(1, 55, 16, 1, 7, 27), (1, 55, 16, 2, 7, 27),
(1, 56, 16, 2, 6, 20),
(1, 59, 16, 3, 8, 16),

-- =============================================
-- ม.6/1 (class_id = 17)
-- =============================================
(1, 60, 17, 1, 1, 17), (1, 60, 17, 2, 1, 17), (1, 60, 17, 3, 1, 17), (1, 60, 17, 4, 1, 17),
(1, 61, 17, 1, 2, 17), (1, 61, 17, 2, 2, 17), (1, 61, 17, 3, 2, 17), (1, 61, 17, 4, 2, 17),
(1, 62, 17, 1, 3, 22), (1, 62, 17, 1, 4, 22), (1, 62, 17, 2, 3, 22),
(1, 63, 17, 2, 4, 23), (1, 63, 17, 3, 3, 23), (1, 63, 17, 4, 3, 23),
(1, 64, 17, 3, 4, 24), (1, 64, 17, 4, 4, 24),
(1, 65, 17, 1, 6, 17), (1, 65, 17, 2, 6, 17),
(1, 66, 17, 1, 7, 20), (1, 66, 17, 2, 7, 20), (1, 66, 17, 3, 6, 20), (1, 66, 17, 4, 7, 20),
(1, 67, 17, 1, 8, 31), (1, 67, 17, 2, 8, 31),
(1, 68, 17, 3, 7, 27), (1, 68, 17, 4, 7, 27),
(1, 69, 17, 2, 6, 20),
(1, 70, 17, 3, 8, 17),

-- =============================================
-- ม.6/2 (class_id = 18)
-- =============================================
(1, 60, 18, 1, 2, 18), (1, 60, 18, 2, 2, 18), (1, 60, 18, 3, 2, 18), (1, 60, 18, 4, 2, 18),
(1, 61, 18, 1, 3, 18), (1, 61, 18, 2, 3, 18), (1, 61, 18, 3, 3, 18), (1, 61, 18, 4, 3, 18),
(1, 62, 18, 1, 6, 22), (1, 62, 18, 1, 7, 22), (1, 62, 18, 2, 6, 22),
(1, 63, 18, 2, 7, 23), (1, 63, 18, 3, 6, 23), (1, 63, 18, 4, 6, 23),
(1, 64, 18, 3, 7, 24), (1, 64, 18, 4, 7, 24),
(1, 65, 18, 1, 1, 18), (1, 65, 18, 2, 1, 18),
(1, 66, 18, 1, 4, 20), (1, 66, 18, 2, 4, 20), (1, 66, 18, 3, 4, 20), (1, 66, 18, 4, 1, 20),
(1, 67, 18, 1, 8, 31), (1, 67, 18, 2, 8, 31),
(1, 68, 18, 3, 1, 27), (1, 68, 18, 4, 1, 27),
(1, 69, 18, 1, 6, 20),
(1, 71, 18, 3, 8, 18),

-- =============================================
-- ม.6/3 (class_id = 19)
-- =============================================
(1, 60, 19, 1, 3, 19), (1, 60, 19, 2, 3, 19), (1, 60, 19, 3, 3, 19), (1, 60, 19, 4, 3, 19),
(1, 61, 19, 1, 4, 19), (1, 61, 19, 2, 4, 19), (1, 61, 19, 3, 4, 19), (1, 61, 19, 4, 4, 19),
(1, 62, 19, 3, 1, 22), (1, 62, 19, 3, 2, 22), (1, 62, 19, 4, 1, 22),
(1, 63, 19, 1, 1, 23), (1, 63, 19, 1, 2, 23), (1, 63, 19, 2, 1, 23),
(1, 64, 19, 2, 2, 24), (1, 64, 19, 4, 2, 24),
(1, 65, 19, 1, 6, 19), (1, 65, 19, 2, 6, 19),
(1, 66, 19, 1, 8, 20), (1, 66, 19, 2, 8, 20), (1, 66, 19, 3, 7, 20), (1, 66, 19, 4, 8, 20),
(1, 67, 19, 3, 6, 31), (1, 67, 19, 4, 6, 31),
(1, 68, 19, 1, 7, 27), (1, 68, 19, 2, 7, 27),
(1, 69, 19, 2, 6, 20),
(1, 72, 19, 3, 8, 19);